﻿DeviceLevel,RequireExp,AccumulateExp
1,500,0
2,800,500
3,1200,1300
4,1700,2500
5,2300,4200
6,3000,6500
7,3800,9500
8,4700,13300
9,5700,18000
10,0,23700